37.05845904557651
43.38915803078432
31.067213114459822
36.58433645094997
33.47977077751132
38.389831841574754
31.067213114459822
29.547876164411218
34.48059698820602
29.862865140940986
24.02713483146067
26.20948159886143
25.338275822590045
31.513056317091355
29.031753752397023
47.02285713122003
35.076941906563974
43.38915803078432
27.289667837997058
33.07855963878707
42.02979562996624
28.035824944502668
39.58158267458868
38.19888258425462
35.076941906563974
39.58158267458868
42.12463542259009
37.788420489455326
29.710549291008732
17.035999999999998
42.15199908619193
22.000714285714285
37.98591073038461
29.710549291008732
39.639148133462
42.82598628420491
31.921672070517424
33.47977077751132
35.14430983630206
42.12463542259009
34.92408564861195
40.503920377098055
45.933647229386615
39.53818885172662
37.918240963626
33.47977077751132
47.969945188817476
35.14430983630206
29.710549291008732
39.53818885172662
36.58433645094997
31.067213114459822
29.862865140940986
36.980405277667025
45.933647229386615
31.067213114459822
20.72138482106128
24.076970238095235
36.58433645094997
42.15199908619193
27.289667837997058
39.58158267458868
42.02979562996624
35.06529373141689
45.933647229386615
45.933647229386615
47.969945188817476
42.15199908619193
35.14430983630206
36.58433645094997
38.389831841574754
39.53818885172662
47.09200060541009
47.09200060541009
32.0304795202272
51.946061442910334
51.946061442910334
15.205436319399558
39.639148133462
36.58433645094997
44.04913936716876
38.678326731346644
35.39048939547282
29.710549291008732
36.58433645094997
31.067213114459822
27.289667837997058
39.639148133462
37.0275174749953
42.15199908619193
37.07612909819903
20.72138482106128
42.15199908619193
17.0
38.389831841574754
26.036746293496293
38.389831841574754
40.503920377098055
25.338275822590045
38.19888258425462
34.92408564861195
35.076941906563974
39.639148133462
27.289667837997058
31.513056317091355
47.09200060541009
47.733617991252004
38.678326731346644
42.82598628420491
37.788420489455326
42.15199908619193
38.19888258425462
50.85668144864114
33.07855963878707
33.47977077751132
24.019934831460674
42.82598628420491
37.8102242965368
42.12463542259009
31.921672070517424
26.20948159886143
17.035999999999998
39.58158267458868
44.01709881277134
55.05948629526863
33.07855963878707
37.60093482905983
60.76989837939839
23.0573812600321
35.39048939547282
23.0573812600321
39.639148133462
26.036746293496293
34.91751522399024
42.15199908619193
31.921672070517424
34.91751522399024
37.07612909819903
45.933647229386615
36.58433645094997
38.389831841574754
62.0
31.067213114459822
31.067213114459822
51.946061442910334
35.06529373141689
23.0573812600321
54.99590909090909
38.06438474107592
25.338275822590045
37.8102242965368
35.14430983630206
42.82598628420491
35.06529373141689
42.15199908619193
47.733617991252004
60.76989837939839
37.918240963626
38.389831841574754
44.04913936716876
47.09200060541009
39.58158267458868
50.85668144864114
42.15199908619193
44.04913936716876
42.12463542259009
39.58158267458868
38.06438474107592
35.076941906563974
42.82598628420491
36.58433645094997
35.076941906563974
25.338275822590045
37.8102242965368
24.076970238095235
45.933647229386615
35.076941906563974
50.85668144864114
36.58433645094997
33.47977077751132
36.58433645094997
47.733617991252004
29.710549291008732
50.85668144864114
36.543443725671274
25.338275822590045
23.0573812600321
27.289667837997058
42.15199908619193
50.85668144864114
39.58158267458868
47.02285713122003
47.733617991252004
36.980405277667025
37.788420489455326
38.389831841574754
51.946061442910334
26.278973116366387
39.58158267458868
44.04913936716876
